167
679
439
882
431
983
90
601
945
764
66
134
64
621
942
909
974
336
512
126
374
131
522
337
245
936
798
41
904
347
93
817
791
609
94
293
174
492
775
508
515
390
228
574
166
459
592
383
95
524
324
265
341
626
730
711
483
982
117
579
852
677
959
518
333
889
701
385
57
539
491
177
985
673
396
951
161
400
173
116
860
772
940
0
346
964
376
622
387
398
356
206
793
295
300
528
911
816
410
220
304
186
722
827
380
674
975
45
586
147
779
757
668
902
762
629
558
34
53
83
212
577
249
987
663
735
99
424
246
549
11
97
296
993
28
861
761
875
150
755
65
977
921
255
546
185
234
231
870
497
102
780
164
821
828
461
639
595
751
425
537
133
832
2
203
188
159
218
550
865
728
357
507
831
363
223
918
618
766
893
503
675
994
604
388
738
608
68
155
847
948
934
811
953
562
526
259
661
824
82
651
838
843
451
660
689
358
704
298
591
74
430
209
645
39
786
581
409
284
820
210
456
519
616
372
789
239
360
540
56
678
202
939
3
291
27
980
391
551
40
58
183
683
235
873
19
960
321
247
418
973
135
224
170
198
991
448
733
602
686
23
408
446
774
111
345
297
868
588
724
322
325
819
941
412
24
928
707
851
445
637
106
880
196
7
139
695
113
854
878
260
915
277
702
184
699
805
927
201
285
641
631
884
788
269
773
411
436
141
937
91
607
648
13
232
308
594
801
747
449
871
729
635
464
713
460
313
256
848
378
191
225
563
16
694
132
72
75
414
61
366
599
872
770
192
530
534
955
777
527
585
403
319
144
317
759
894
690
696
123
972
355
810
275
442
115
12
886
691
961
566
241
708
784
238
404
397
221
740
178
70
922
606
796
976
746
452
9
658
49
853
709
137
496
54
318
925
67
837
642
243
905
611
240
812
578
643
254
719
650
765
6
623
705
428
500
671
573
328
405
450
5
320
745
849
802
769
344
264
907
499
338
584
664
1
127
26
842
576
917
470
222
800
105
417
938
891
783
395
282
413
314
958
659
78
38
490
453
926
393
652
332
981
544
136
69
244
480
718
892
125
720
988
477
888
112
949
101
307
79
605
559
657
120
419
725
799
146
394
619
920
636
22
128
129
717
25
289
803
984
236
214
703
901
213
933
944
553
863
919
402
327
649
956
48
862
743
995
262
32
857
760
305
742
756
59
571
367
37
531
966
73
119
665
797
750
286
172
138
476
840
389
171
371
834
613
986
502
271
968
193
281
200
596
359
175
517
962
348
162
879
996
943
4
266
71
190
885
535
749
685
130
158
145
494
230
381
912
545
110
226
257
474
104
656
20
957
900
151
808
593
309
906
899
187
253
457
826
570
655
640
479
630
589
947
486
841
399
646
541
877
506
557
169
46
597
124
14
467
148
617
250
406
149
31
353
590
897
504
716
81
86
521
859
375
60
583
42
556
349
654
8
331
736
787
165
84
351
179
495
258
122
809
615
340
443
754
818
625
288
330
814
946
710
420
999
118
511
423
669
415
278
382
211
62
427
422
514
438
509
804
822
565
516
732
429
795
36
916
301
529
990
662
176
612
43
96
693
447
334
554
292
384
600
272
778
869
684
580
715
89
108
681
437
967
628
35
21
488
17
603
721
339
568
207
279
368
15
237
670
587
620
767
858
706
864
251
682
610
714
370
441
688
50
839
434
856
143
542
935
487
876
352
727
913
752
992
647
274
294
895
672
836
552
908
199
310
475
10
142
989
723
121
930
463
462
47
458
575
163
543
898
910
216
896
790
883
753
392
280
204
270
923
513
181
572
954
369
233
744
433
407
215
653
624
468
342
560
227
466
998
771
103
555
189
569
634
156
362
343
950
18
335
107
952
364
182
712
997
454
87
758
88
283
887
881
109
737
92
845
85
484
365
978
731
287
874
267
100
217
807
666
242
644
627
152
33
98
667
782
763
510
252
306
498
687
76
932
432
971
598
846
850
315
80
268
567
471
302
700
979
532
329
676
734
829
153
867
77
63
219
435
547
195
157
697
401
205
835
969
160
523
373
465
692
379
469
739
792
866
538
299
114
632
473
844
455
421
485
263
229
30
311
501
548
377
582
776
533
520
806
52
168
890
561
825
55
903
726
633
51
478
386
785
416
748
855
781
698
830
326
440
426
525
323
303
489
963
197
481
493
29
794
833
813
316
140
350
290
44
823
924
965
741
914
815
444
354
248
536
929
505
312
638
482
261
276
273
680
970
180
931
614
472
768
154
194
208
564
361
